6550
3138
1216
2926
6563
2866
9414
8377
5464
6260
7371
7160
4948
9835
2679
1840
7775
1635
2529
1976
1460
1388
6762
9650
6627
8530
6462
4037
6317
1074
1807
1043
5203
1335
8846
5228
3936
1540
3916
3491
8822
4801
9483
5533
8299
3066
5240
8048
8035
6137
5954
7438
4371
1552
8002
1197
2745
3466
2692
9826
8772
7393
3928
1240
6561
8053
1789
8754
7339
4352
4516
7774
8901
3144
6853
4285
7893
4445
8714
1670
5600
3627
8992
6471
8105
4282
1693
9286
3975
6501
2837
7052
5894
4764
6498
8326
5832
5501
9029
3378
1443
8197
6574
7661
4258
4971
7852
7392
7175
6426
7954
1664
6376
5693
4580
5716
4341
4738
8672
8369
7862
7022
2309
7663
7276
8521
7821
9658
3298
8207
2221
7895
4372
1282
7853
2540
1931
7278
1707
4773
7729
5944
7094
2172
2049
1902
9400
1931
4683
5472
7945
3835
1026
3698
6843
4219
2578
9948
2279
8206
6676
3841
9625
8337
2413
8883
1553
1649
4977
4525
6087
3443
4503
8453
4299
9014
8160
4654
7058
1333
1913
1388
9341
4667
1845
6502
8061
2923
1198
8633
6093
5829
1080
4270
3433
6709
7952
7580
3493
5345