27410511
27590801
27317152
27172190
27476521
27928510
27893501
27569770
27779271
27601544
27750224
27156957
27329062
27882722
27912239
27489022
27919948
27175182
27460036
27890397
27854487
27092608
27979313
27851726
27973179
27888238
27847458
27602042
27126550
27817362
27004690
27172743
27393285
27428850
27757683
27449416
27289826
27415124
27539696
27946144
27492611
27071048
27787714
27513140
27243626
27035241
27439391
27825661
27176469
27325210
27994214
27241881
27979198
27201107
27914800
27120642
27440785
27322454
27877551
27829608
27116465
27834419
27910547
27775131
27079804
27878826
27247487
27357564
27536969
27152171
27849126
27086129
27332302
27351812
27058128
27823495
27969835
27467657
27141880
27419164
27455131
27401120
27147953
27598865
27503202
27650119
27506138
27631462
27789816
27166673
27421382
27412875
27723894
27283549
27579635
27867233
27542364
27804543
27456905
27989642
27523088
27761504
27570446
27966031
27490836
27773814
27859486
27063184
27203977
27478696
27683295
27400583
27738381
27045053
27497811
27037005
27843465
27549640
27160666
27490555
27496403
27991376
27699538
27192213
27817531
27490955
27340703
27406258
27852479
27243850
27317206
27869030
27726050
27156815
27338503
27586687
27912614
27754154
27252461
27177646
27198755
27338453
27715550
27268136
27128664
27241135
27923550
27759267
27669812
27393636
27054129
27712366
27097951
27239909
27750558
27942719
27909356
27666170
27528935
27478277
27385483
27268288
27094866
27854777
27537266
27463923
27653296
27119932
27711102
27133686
27806266
27575940
27105535
27434849
27482992
27862353
27987172
27647552
27537142
27373413
27863794
27616522
27204447
27447090
27681003
27308811
27824768
27308712
27049578
27675876
27670441
27179895
27386627
27708966
27888060
27208646
27891043
27369862
27600653
27748759
27507203
27702788
27084609
27645616
27179391
27538283
27104753
27995686
27831407
27302339
27806560
27169740
27996091
27628486
27786631
27134817
27901162
27313484
27864256
27710707
27287956
27693209
27533932
27890976
27269222
27150268
27204350
27093747
27439134
27983642
27479386
27146635
27312920
27390594
27931150
27271329
27514371
27030703
27241445
27602615
27758510
27623024
27589864
27459316
27028320
27725287
27383468
27523254
27628127
27501001
27547531
27888874
27647714
27871724
27063711
27102349
27790063
27152069
27490953
27661247
27048219
27661077
27478001
27896190
27301014
27956625
27005185
27712576
27666341
27265859
27245896
27162460
27893450
27367172
27545049
27093867
27421158
27559737
27460624
27633762
27147137
27144023
27608568
27345477
27628860
27234097
27681870
27337744
27833172
27644852
27023573
27065800
27438651
27996407
27865900
27505361
27418044
27474874
27699902
27691830
27579210
27376060
27742356
27024420
27566023
27198494
27041101
27677107
27211317
27729479
27835426
27891011
27156310
27739377
27843689
27608553
27993215
27139000
27518277
27441204
27115562
27931301
27851841
27621114
27279891
27472439
27566867
27562250
27866880
27717605
27875038
27680690
27826253
27929041
27822570
27823593
27772937
27372405
27969038
27564209
27385506
27434401
27309082
27485650
27259369
27854463
27626692
27677560
27119211
27470308
27294171
27366817
27815722
27691695
27557864
27618604
27759540
27036648
27388661
27709295
27693965
27828598
27759272
27450022
27717339
27197344
27866312
27777416
27455111
27609764
27941386
27649475
27278499
27859736
27269899
27793921
27041530
27024764
27716437
27855362
27597942
27172054
27064816
27574407
27124900
27746344
27440366
27618243
27711252
27714076
27966433
27533789
27209830
27571394
27964648
27596709
27710416
27979852
27116335
27010892
27908247
27760426
27116050
27603664
27848715
27037201
27023323
27291446
27112513
27110698
27679667
27780572
27824131
27334453
27575685
27134803
27028999
27180156
27439895
27566684
27089042
27781289
27525036
27737601
27650032
27221019
27661840
27817764
27739486
27817150
27916172
27318836
27363505
27254462
27626310
27812865
27438868
27916617
27486053
27654576
27292530
27327991
27952793
27044363
27856129
27239472
27103234
27928872
27082588
27219383
27958840
27922351
27806361
27454246
27470237
27047987
27993803
27025666
27247920
27394980
27224732
27643591
27398409
27652283
27200467
27352266
27643673
27939888
27006727
27000792
27875429
27727928
27747169
27254791
27224080
27164749
27243207
27635220
27762333
27187695
27148508
27862688
27196663
27160688
27409228
27470427
27216126
27424247
27841463
27190497
27988397
27738892
27019180
27274507
27049615
27826263
27702005
27734421
27386871
27935745