72 50 44 19
22 60 83 68
62 22 48 50
29 10 57 79
43 32 95 14
42 29 83 93
25 62 26 76
71 12 30 68
23 13 81 12
55 22 46 81
89 47 44 54
67 98 15 94
50 21 25 36
39 57 16 96
46 46 61 34
25 47 57 44
30 87 69 73
41 52 11 97
16 37 76 51
41 38 79 32
58 95 88 65
21 84 25 13
28 58 27 72
11 77 43 18
63 78 78 17
41 75 63 14
98 26 95 36
82 44 34 45
33 69 72 14
65 36 36 88
22 92 74 19
72 82 29 73
87 20 42 33
73 91 59 25
35 24 76 11
10 97 55 10
20 46 77 24
70 33 52 67
70 84 16 52
86 23 58 45
30 40 27 45
68 62 81 43
27 61 20 56
60 61 33 74
40 41 82 37
56 38 91 70
96 71 29 12
99 86 89 29
17 97 85 20
39 31 66 31
75 46 79 69
12 10 15 47
14 93 53 15
91 64 56 42
49 75 79 34
17 18 18 28
40 64 39 16
26 28 51 81
73 97 83 84
83 53 13 88
99 35 43 54
61 32 43 96
82 93 99 65
53 49 14 55
22 98 38 49
66 52 31 32
71 98 64 24
27 12 92 91
80 90 19 31
90 30 99 21
15 87 49 55
42 44 37 53
23 15 17 23
17 75 67 34
66 11 38 26
80 80 84 47
48 92 95 78
35 18 71 86
28 48 85 21
62 28 41 16
89 40 88 94
90 80 32 37
69 77 42 89
77 33 30 66
13 26 48 39
19 34 63 67
68 87 59 59
64 54 78 70
40 35 59 51
58 38 93 13
76 56 18 86
39 50 94 96
27 11 60 85
74 23 63 24
90 45 24 20
31 60 57 92
94 37 21 74
35 85 65 51
19 54 45 36