1004 1001 1003 1004
1002 1005 1009 1002
1004 2483 1009 1004
1000 9611 1007 1003
1006 1008 1000 1004
1004 1006 1005 1003
1000 1000 1001 1004
1000 1008 1008 1007
1005 1000 7790 1007
1004 1001 1003 8151
1002 1000 1001 1000
1004 1007 1001 1008
1001 1002 1003 1005
1002 1001 1007 1000
1004 1002 3064 8572
1009 1002 1007 9069
1003 1002 1001 1000
1008 3352 5374 1000
1002 1001 1007 1005
1004 1008 1007 1008
1002 1003 1007 1007
1002 6219 1000 5320
1000 1008 1007 1000
1003 1005 1005 1004
1000 1008 1001 1004
6653 1001 1003 1008
1000 1008 1008 1006
1005 1003 1009 1003
1006 1000 1002 1006
1002 1002 1008 1003
4195 1005 1003 1000
1008 1009 1007 1006
1001 1004 1004 1009
1007 1002 6576 1004
1005 1009 1007 1004
1009 1005 1006 1008
1009 1009 1002 1004
1009 1009 1004 1001
9438 1004 1009 1000
1006 1000 9229 1007
1006 1001 1007 1004
1009 1001 7537 1002
1008 1006 1001 1007
9587 1006 1001 5851
1001 1004 1000 1002
1001 1007 1003 1000
9725 1004 1005 1007
1000 1000 1006 1007
1008 1003 1006 1005
1009 1008 1006 1004